NREPEATS = 10
w0_s = 794,m0_s = 343,w0_f = 206,m0_f = 89
xi = 0.000000
beta = 3.3120000000e+03
gamma = 5.9990471468e-01
w_opt = 1.0000000000e+03
mu = 2.3000000000e-02
alpha = 1.0000000000e+00
TFinal = 500.000000
t,rep,ws,ms,wf,mf,h,n
0.000000,0,794,343,206,89,0.301676,1432
10.000000,0,783,349,217,111,0.315068,1460
20.000000,0,796,339,204,97,0.303621,1436
